4294967279,97
4294967279,96
4294967279,95
4294967279,94
4294967279,93
4294967279,92
4294967279,91
4294967279,90
4294967279,89
4294967279,114
4294967279,113
4294967279,112
4294967279,111
4294967279,110
4294967279,109
4294967279,108
4294967279,107
4294967279,106
4294967279,105
4294967279,104
4294967279,103
4294967279,102
4294967279,101
4294967279,100
4294967279,99
4294967279,98
4294967279,289
4294967278,273
4294967279,273
4294967278,272
4294967279,292
4294967278,271
4294967278,30
4294967278,29
4294967278,28
4294967278,27
4294967278,26
4294967278,25
4294967278,24
4294967278,23
4294967278,22
4294967278,21
4294967278,20
4294967278,19
4294967278,18
4294967278,17
4294967278,14
4294967278,13
4294967278,12
4294967278,8
4294967278,6
4294967278,5
4294967278,4
4294967279,131
4294967279,130
4294967279,129
4294967279,128
4294967279,127
4294967279,126
4294967279,125
4294967279,124
4294967279,123
4294967279,122
4294967279,251
4294967279,121
4294967279,120
4294967279,247
4294967279,119
4294967279,118
4294967279,117
4294967279,116
4294967279,115
4294967279,88
4294967279,174
3,5
4294967279,288
4294967278,270
4294967279,270
4294967278,16
4294967278,299
4294967279,291
4294967278,15
4294967278,278
4294967279,268
4294967278,267
4294967279,285
4294967279,304
4294967278,11
4294967278,281
4294967279,284
4294967278,10
4294967278,280
4294967279,264
4294967278,348
4294967278,9
4294967279,263
4294967278,261
4294967279,262
4294967279,282
4294967278,259
4294967278,347
4294967278,346
4294967278,7
4294967279,261
4294967278,279
4294967279,281
4294967279,279
4294967278,345
4294967278,256
17,5
4294967279,415
17,4
4294967278,344
17,3
17,2
17,1
4294967278,255
4294967279,414
4294967279,132
4294967294,1423
4294967278,343
4294967278,342
4294967278,341
4294967278,340
4294967279,413
4294967294,409
4294967294,399
4294967294,252
4294967294,385
4294967294,415
4294967294,398
4294967294,167
4294967294,183
4294967294,406
4294967294,110
4294967294,108
4294967294,453
4294967294,400
4294967294,448
4294967294,455
4294967294,457
4294967294,175
4294967294,254
4294967294,264
4294967278,339
4294967279,412
4294967278,338
4294967278,337
4294967279,411
4294967279,410
4294967278,253
4294967279,409
4294967294,429
4294967279,408
4294967278,336
4294967279,407
4294967278,251
4294967279,406
4294967278,250
4294967278,248
4294967278,247
4294967278,335
4294967278,245
4294967278,238
4294967278,241
15,5
15,4
4294967278,239
15,3
15,2
15,1
4294967278,334
4294967294,247
4294967294,392
4294967294,114
4294967278,235
4294967278,237
4294967278,333
4294967278,236
4294967278,233
4294967278,231
4294967278,230
4294967294,419
4294967294,222
4294967294,249
4294967294,216
4294967278,229
4294967294,1420
4294967278,228
4294967278,226
4294967278,224
3,3
4294967294,389
4294967278,218
4294967294,107
4294967278,332
4294967278,214
4294967278,216
4294967278,331
4294967294,439
4294967278,330
4294967279,405
4294967278,212
4294967294,388
4294967294,115
4294967278,211
4294967294,92
4294967294,90
4294967294,87
4294967294,86
4294967294,84
4294967294,253
4294967294,53
4294967294,45
4294967294,38
4294967278,329
4294967294,126
3,4
4294967278,37
4294967278,36
4294967278,35
4294967278,34
4294967278,33
4294967278,32
4294967278,31
4294967279,35
4294967279,34
4294967279,31
4294967279,30
4294967279,27
4294967279,26
4294967279,23
4294967279,22
4294967279,21
4294967279,20
4294967279,19
4294967279,18
4294967279,14
4294967279,13
4294967279,12
4294967278,328
4294967294,42
4294967294,99
4294967294,36
4294967294,39
4294967294,41
4294967294,425
4294967294,417
4294967294,51
4294967294,52
4294967294,267
4294967294,255
4294967294,5
4294967278,132
4294967278,131
4294967278,130
4294967278,129
4294967278,128
4294967278,127
4294967278,126
4294967278,125
4294967278,124
4294967278,123
4294967278,122
4294967278,121
4294967278,120
4294967278,119
4294967278,118
4294967278,117
4294967278,116
4294967278,115
4294967278,114
4294967278,113
4294967278,112
4294967278,111
4294967278,110
4294967278,109
4294967278,108
4294967278,107
4294967278,106
4294967278,105
4294967278,104
4294967278,103
4294967278,102
4294967278,101
4294967278,100
4294967278,99
4294967278,98
4294967278,97
4294967278,93
4294967278,91
4294967278,89
4294967278,87
4294967278,86
4294967278,85
4294967278,84
4294967278,83
4294967278,82
4294967278,81
4294967278,80
4294967278,76
